       N       E                     dE             d eps       ncg     rms          rms(c)
DAV:   1     0.189014760201E+02    0.18901E+02   -0.41182E+03 85576   0.986E+02
DAV:   2    -0.752842321770E+01   -0.26430E+02   -0.24631E+02 83042   0.131E+02
DAV:   3    -0.807094266828E+01   -0.54252E+00   -0.54081E+00 91738   0.241E+01
DAV:   4    -0.807344746045E+01   -0.25048E-02   -0.25047E-02 87412   0.153E+00
DAV:   5    -0.807346899618E+01   -0.21536E-04   -0.21537E-04 87946   0.136E-01
RMM:   6    -0.807346924511E+01   -0.24893E-06   -0.24890E-06 71213   0.144E-02
   1 F= -.80734692E+01 E0= -.80734692E+01  d E =0.000000E+00  mag=     2.5080
