       N       E                     dE             d eps       ncg     rms          rms(c)
DAV:   1     0.188427857916E+02    0.18843E+02   -0.41174E+03 85246   0.978E+02
DAV:   2    -0.767269517052E+01   -0.26515E+02   -0.24656E+02 83024   0.131E+02
DAV:   3    -0.821533870920E+01   -0.54264E+00   -0.54086E+00 91684   0.241E+01
DAV:   4    -0.821798757543E+01   -0.26489E-02   -0.26474E-02 87974   0.158E+00
DAV:   5    -0.821801003451E+01   -0.22459E-04   -0.22452E-04 89308   0.140E-01
RMM:   6    -0.821801028971E+01   -0.25521E-06   -0.25516E-06 71298   0.148E-02
   1 F= -.82180103E+01 E0= -.82180103E+01  d E =0.000000E+00  mag=     2.2522
